      0/49    0.851G   0.06257    0.0422   0.06208    0.1669        10       416    0.1133    0.1979    0.1673   0.09381   0.02121   0.01143   0.04036
      1/49     1.48G   0.03883   0.02813   0.05771    0.1247         6       416    0.2074    0.3136    0.2196     0.117   0.01961   0.01108   0.03836
      2/49     1.48G   0.03512   0.02618   0.05487    0.1162         9       416    0.2864    0.6256    0.3746    0.2119   0.01662  0.008018   0.03342
      3/49     1.48G   0.03346   0.02523    0.0528    0.1115         4       416    0.2844    0.9171    0.4646    0.3377   0.01436  0.008253   0.03066
      4/49     1.48G    0.0333   0.02581   0.05108    0.1102        12       416    0.3001    0.8372    0.4833    0.3448   0.01407   0.00883   0.02934
      5/49     1.48G   0.03141   0.02566   0.04873    0.1058         8       416    0.3818    0.7904    0.5621    0.4158   0.01373   0.01131   0.02525
      6/49     1.48G   0.02929   0.02472   0.04588   0.09989         9       416    0.3792    0.9916    0.8858    0.7502  0.009571  0.007489   0.01739
      7/49     1.48G   0.02669   0.02424   0.04339   0.09432        10       416    0.4916    0.9775    0.8512    0.6727   0.01119  0.009497   0.01764
      8/49     1.48G   0.02645    0.0232   0.03933   0.08898         8       416    0.5243    0.9733     0.877    0.7088   0.01101  0.008551   0.01619
      9/49     1.48G   0.02469   0.02294     0.038   0.08562         8       416    0.4695    0.8928    0.8025     0.527   0.01595   0.01653   0.01561
     10/49     1.48G   0.02526   0.02309   0.03755    0.0859         9       416    0.6099    0.9886    0.9734    0.8048    0.0107   0.00722  0.009497
     11/49     1.48G   0.02385    0.0228   0.03618   0.08282         9       416    0.7261    0.9733    0.9632    0.7881   0.01182  0.008082  0.008638
     12/49     1.48G   0.02359    0.0222   0.03397   0.07976         6       416    0.7017    0.9812     0.961    0.7858   0.01015  0.007316  0.008955
     13/49     1.48G   0.02305     0.022   0.03302   0.07807         8       416    0.7391    0.9927     0.988    0.8285  0.009569  0.006906  0.005953
     14/49     1.48G    0.0224   0.02169   0.03218   0.07627         6       416    0.6358    0.9176     0.918    0.7109   0.01094  0.009721   0.01609
     15/49     1.48G   0.02183   0.02146   0.03233   0.07561         7       416    0.7273    0.9916    0.9856    0.7947   0.00956  0.008344  0.006744
     16/49     1.48G   0.02153   0.02112   0.03099   0.07363         3       416    0.8451    0.9904    0.9897    0.8262   0.01016  0.007735  0.003724
     17/49     1.48G   0.02149   0.02088   0.03015   0.07252        11       416    0.8524    0.9934    0.9887    0.8366  0.009483  0.007422  0.003884
     18/49     1.48G   0.02182   0.02111   0.03136   0.07429         5       416    0.7456    0.9753    0.9687    0.7256   0.01312  0.009483  0.006181
     19/49     1.48G   0.02126    0.0211   0.02932   0.07168         5       416    0.4817    0.9078    0.8595    0.5574   0.01664   0.01467  0.009122
     20/49     1.48G   0.02064   0.02014   0.03052    0.0713         4       416    0.8956    0.9954    0.9907    0.8734  0.007754  0.006817  0.002575
     21/49     1.48G   0.02006   0.02038   0.03002   0.07046         4       416    0.8585    0.9914    0.9897    0.8958  0.007038  0.005873  0.003426
     22/49     1.48G   0.01994   0.02041    0.0302   0.07055        10       416    0.8277    0.9918    0.9914    0.8777  0.007887  0.006432  0.003218
     23/49     1.48G    0.0192   0.02011   0.02852   0.06784         6       416    0.9119    0.9937    0.9911    0.8917  0.007436  0.005745  0.002454
     24/49     1.48G   0.01885   0.01987   0.02672   0.06544         9       416     0.923    0.9944    0.9889    0.8612  0.008604  0.007018  0.002001
     25/49     1.48G   0.01902   0.01978   0.02721   0.06601         5       416    0.8832    0.9949    0.9897    0.8963  0.006974     0.006  0.002747
     26/49     1.48G   0.01855   0.01937   0.02711   0.06503         8       416    0.9296    0.9956    0.9913     0.907  0.006431  0.005701  0.001764
     27/49     1.48G   0.01856   0.01934   0.02612   0.06401         9       416    0.9387    0.9965     0.992    0.9025  0.006509  0.005832  0.001766
     28/49     1.48G    0.0184   0.01971   0.02749    0.0656         6       416    0.7659    0.9826    0.9781    0.7913    0.0116  0.009176  0.004385
     29/49     1.48G   0.01764    0.0189   0.02606   0.06261         9       416     0.941    0.9956    0.9919    0.9127  0.006021  0.005473  0.001646
     30/49     1.48G   0.01739    0.0191   0.02612    0.0626         6       416    0.9114    0.9956    0.9909    0.9082  0.005957  0.005548  0.001922
     31/49     1.48G   0.01748   0.01897   0.02624   0.06269         4       416    0.9391    0.9966    0.9918    0.9124  0.006309  0.005406  0.001695
     32/49     1.48G   0.01615   0.01843   0.02533   0.05991         7       416    0.9238    0.9952    0.9906    0.9122  0.005939  0.005253  0.001991
     33/49     1.48G   0.01677   0.01879   0.02602   0.06158         7       416    0.9319    0.9946    0.9912    0.9238   0.00561  0.005361  0.001698
     34/49     1.48G   0.01637   0.01818   0.02548   0.06003         7       416    0.9612    0.9956    0.9926    0.9117  0.005745  0.005869  0.001203
     35/49     1.48G     0.016   0.01823   0.02431   0.05855         4       416    0.9529    0.9965    0.9917    0.9203  0.005568  0.005301  0.001295
     36/49     1.48G   0.01641   0.01826   0.02563    0.0603         6       416    0.9556    0.9975    0.9914    0.9232  0.005504  0.005377  0.001267
     37/49     1.48G   0.01569   0.01805   0.02569   0.05943         6       416    0.9606    0.9966    0.9913    0.9196  0.005704  0.005436  0.001141
     38/49     1.48G    0.0155   0.01791   0.02391   0.05733         6       416    0.9663    0.9966    0.9914    0.9285  0.005234  0.005192  0.001055
     39/49     1.48G   0.01583   0.01765   0.02331    0.0568         5       416    0.9635    0.9966    0.9917    0.9172  0.005327  0.005395  0.001122
     40/49     1.48G   0.01475   0.01727   0.02361   0.05563         8       416    0.9731    0.9966    0.9915    0.9255  0.005242  0.005152 0.0009576
     41/49     1.48G   0.01539   0.01729   0.02275   0.05543         9       416    0.9626    0.9966    0.9913    0.9215  0.005366  0.005349  0.001142
     42/49     1.48G   0.01508   0.01715   0.02286   0.05509         7       416    0.9709    0.9966    0.9909    0.9312  0.005057  0.005207  0.001018
     43/49     1.48G   0.01459   0.01685   0.02227   0.05371         5       416    0.9708    0.9975    0.9921    0.9259  0.005101  0.005141 0.0009195
     44/49     1.48G   0.01472   0.01709   0.02254   0.05436         5       416    0.9698    0.9975    0.9916    0.9349  0.005183  0.005275 0.0009729
     45/49     1.48G    0.0147   0.01697    0.0225   0.05417         6       416    0.9749    0.9966    0.9913     0.925  0.005343  0.005455 0.0009308
     46/49     1.48G   0.01401   0.01706   0.02082   0.05189         9       416    0.9738    0.9975    0.9912    0.9351  0.004832  0.005007 0.0009194
     47/49     1.48G   0.01431   0.01688   0.02198   0.05318         7       416    0.9723    0.9975    0.9918    0.9356  0.004811  0.005056 0.0009173
     48/49     1.48G    0.0145   0.01705   0.02241   0.05396         6       416     0.965    0.9966    0.9916    0.9344  0.004991  0.005105 0.0009527
     49/49     1.48G   0.01426   0.01706   0.02256   0.05388         4       416    0.9704    0.9975    0.9923    0.9313  0.004926   0.00519 0.0009064
